      0.0000     392489.12280057         -0.03105518          0.08194246        160.43605501         -0.01650627     392474.16917566       -278.90215176          0.00210378         -0.04412518        278.90215139     392474.16917574         -0.00383917        158.99929120         -0.00371719          0.01985910     392475.26483402
      0.1000     162661.04945361         -1.56978678          1.06498150         46.14834900         -1.85986643     162653.53833819       -201.88936607         -0.73012347          1.05193296        201.89042300     162653.53817453         -0.01854922         44.66379187          0.71531467          0.02696167     162647.45904525
      0.2000     160536.37524276         -1.70414628         -0.60367447         45.54063377         -2.23229032     160528.11305580       -199.78491404          0.04618751         -0.63034247        199.78522605     160528.11325486          1.76948448         44.06154181         -0.07306189         -1.71510371     160522.78786893
      0.3000     157124.10559211         -5.41338446          0.53485773         45.93761773         -6.13613272     157114.78669812       -197.26922606         -0.14338667          0.49680334        197.26910176     157114.78684590          3.78123796         44.46779923          0.10565111         -3.59863416     157110.52389584
      0.4000     152379.45498081         -9.23504470          0.65739960         45.81714380        -10.10998883     152368.79358298       -193.26584700         -0.31652977          0.61095227        193.26602932     152368.79453190          6.57195769         44.35953815          0.26937592         -6.17877251     152365.88388497
      0.5000     146515.34163723        -14.40886213          1.39121911         46.00026632        -15.39533440     146503.07914404       -188.60473023         -0.43128513          1.33912231        188.60499341     146503.08056178         10.22379608         44.55923108          0.37640654         -9.53783043     146501.78627252
      0.6000     139564.86207958        -20.03136807          1.71800549         45.74984526        -21.09190838     139550.77346874       -182.74868544         -0.53594076          1.66200251        182.74834437     139550.77684524         14.89175255         44.32836503          0.47448040        -13.83187309     139551.33093951
      0.7000     131726.16511097        -26.34442016          2.45041565         45.77906105        -27.44537383     131710.06401296       -176.28064519         -0.68870681          2.39485748        176.28001962     131710.06963313         20.31510230         44.38016895          0.62232254        -18.80191156     131712.66719682
      0.8000     123100.28581200        -32.49057456          2.87714325         45.47345223        -33.60277119     123082.02861781       -168.63144803         -0.97405161          2.82658318        168.63044809     123082.03824383         26.58781806         44.09958824          0.90432589        -24.54497085     123086.83335573
      0.9000     113922.68127881        -38.79216593          3.47716721         45.16899347        -39.89046514     113902.16945002       -160.56013841         -1.15348576          3.43757778        160.55895087     113902.18463867         33.70785319         43.82287825          1.08181101        -31.06259327     113909.28815113
      1.0000     104337.97858945        -44.86766136          4.20152245         44.98207413        -45.93134938     104315.15964080       -151.98228511         -1.40240457          4.17686468        151.98082836     104315.18170569         41.56452442         43.66613517          1.33131383        -38.24929355     104324.65996928
      2.0000      21152.43351744        -43.84469230          7.38658716         34.15138017        -43.67141144      21111.91984435        -60.16867390         -3.48623291          7.80379696         60.15382421      21112.01812819        127.47804641         33.16917637          3.51351576       -115.67398065      21140.73015745
      3.0000       4996.53214757         67.68032666         -0.30151663         12.80736932         73.06122028       4957.03165463        -17.13487035         -3.67642899          0.74503012         17.10576558       4956.62470247         64.35607078         11.96556411          3.97369095        -49.30401291       4986.27890295
      4.0000      10800.07725648        132.63434225        -11.01946540         -2.43491242        142.45437353      10769.11657482        -24.85530965         -1.48572468         -9.82994966         24.86507698      10767.50977984       -105.52641328         -3.32044426          1.95285282        113.49177918      10789.92118056
      5.0000       4464.09433727         86.20888157        -10.64063623         -6.43189243         90.92296506       4448.54426676        -23.06574596          0.50471033         -9.57128903         23.12856858       4446.51424975       -102.57435967         -7.16066440         -0.14598136        102.83665178       4456.45087353
      6.0000        615.09868604         21.84882260         -0.91912101         -7.05523241         20.55793512        608.43959101         -0.29033129          0.65446312         -0.08837806          0.30920601        606.90195200        -15.97741830         -7.38250670         -0.34274225         15.01534641        611.54192754
      7.0000       1032.50644819         14.36845667          3.57722180         -6.18563085         16.59594924       1021.75158227          7.71479570          2.12968401          3.84629228         -7.73332118       1020.88352177         -0.04532643         -6.21284846         -1.62775195          0.00522784       1030.19470592
      8.0000       1043.47758268         21.08021380          1.16013513         -4.53042563         25.98287220       1032.22034954         -0.25935001          4.30483634          1.02922418          0.33587590       1032.06891448        -16.03554761         -4.44865860         -3.80719287         15.49643827       1040.89167143
      9.0000        596.73566766         12.13041183         -0.54382818         -2.26705030         13.52551480        589.98835484         -3.32787209          2.74658420         -0.56948870          3.45976966        589.79571529        -16.61578052         -2.05491357         -2.64544398         16.31075392        594.17928383
     10.0000        282.73562560         10.97841585         -2.07600188          0.36875501         11.48755294        272.67608135         -0.82282178          0.15382341         -2.08802795          0.89020366        271.97762655          4.80812473          0.64248155         -0.42223453         -3.58900584        280.25417419
     12.0000        413.66842545          9.02865250         -1.17861447         -1.48179203          9.40289883        408.76493698          3.87823528          0.75093792         -1.18508385         -3.82928822        407.82745608        -15.48759064         -1.53755445         -0.94807369         15.33777876        411.93089103
     14.0000        104.82622849          6.21418916         -0.51998365          2.07950376          8.17649674         96.30862964         -0.63498341         -0.80806319         -0.62833621          0.54109519         95.47537875         -1.86344382          2.04271280          0.69900519          2.45932337        102.96546774
     16.0000        107.43963592         -5.27751106         -0.38646551          2.16245714         -5.40260146        103.34781661         -0.21858569         -0.44314720         -0.13351317          0.27585356        102.53319617         -1.52579078          2.06148132         -0.11564664          1.55066761        105.55287743
     18.0000         87.85995467          9.07958819         -0.51493705         -0.29224538         10.70809895         80.38050045          0.16014317         -0.11331276         -0.35543831         -0.28062311         79.23402232         -4.10530450         -0.34414648         -0.12208566          5.47788368         86.00340435
     20.0000        134.63542596        -10.06106873          0.23452418          2.22195050         -9.75711946        129.45720146          1.41615837         -0.79956545          0.39494329         -1.39577149        127.85664295          4.60799781          2.21647677          0.69084725         -4.50754845        132.46300441
     22.0000        106.53441662          7.36989564         -0.37225962          1.18746180          8.01732883         99.95567998          0.30361758         -0.61550666         -0.40241647         -0.44863486         97.94748935        -12.72852190          1.12122539          0.54160185         12.27084612        103.79420947
     24.0000        131.74515374        -13.90685100          0.32370771          0.95650647        -13.10348864        124.15682291         -0.90613824         -0.87520782          0.88663225          0.97489265        121.48946636         10.79398871          0.93013741          0.55285333         -9.76037580        128.23440516
     26.0000        187.94818794        -10.89716669         -0.32662380         -0.59790715        -10.38749639        181.73598314          0.08092298          0.33800223          0.07854502         -0.08125006        178.30586749        -23.71347463         -0.55545945         -0.28184635         23.45266215        184.06161030
     28.0000         90.07945373        -11.05713992         -0.13368643          0.63170580         -9.61446856         83.27756248          0.67792819         -0.30669401          0.14835735         -0.56399979         79.30669489         13.26470002          0.49384902          0.38236559        -12.75122778         85.58091881
     30.0000        191.86216187        -26.87344162         -0.19820267         -1.58256644        -26.39331935        184.35659743          1.38142965          0.74704724         -0.07775237         -1.32371480        180.64014000        -14.05922334         -1.49484858         -0.38133892         14.09453702        187.57842713
     32.0000         63.80892390         -2.09500097          0.01240680         -0.19317630         -1.22774802         59.61693222          1.13095119          0.16904550          0.53503028         -1.03912671         56.00986106          2.53979380         -0.17431749          0.33875242         -2.54323662         59.68292251
     34.0000        143.68697418        -17.98889898          0.40810856         -3.52517143        -17.51422241        136.91805055         -0.45659171          0.69213975          0.27171387          0.39116003        134.30585710         -1.27907343         -3.44738682         -0.31714571          1.17527743        140.53609442
     36.0000         58.27112508         -1.66257014          0.20462745         -0.42581199         -1.09047194         54.45845765          0.45513881          0.18306241          0.10036394         -0.52376102         53.16321327         -0.65392605         -0.45173572          0.13661367          0.56880415         56.60298667
     38.0000         50.03029659         -3.02968269          0.25716897         -0.27077744         -2.71267656         44.97804078         -0.88186844         -0.08242446          0.18202963          0.86045135         44.20469764          0.46862285         -0.34126702          0.04948346         -0.60620184         48.93322504
     40.0000         60.67939086          1.75920548         -0.02873951          0.25738956          2.50890973         55.36561461         -0.02127775          0.22149059         -0.20322147          0.00885729         54.58048517          0.79056257          0.20670738          0.00700235         -0.84466132         59.60282629
     42.0000         59.65641042          7.95869813          0.26921074          0.10348633          8.31206536         54.66470521          0.84654061          0.04214669          0.19347362         -0.90017496         53.13896762          0.64102157          0.07254464         -0.06416274         -0.60780298         57.81323466
     44.0000         61.59980179          7.74364140         -0.15564084          0.09569187          8.56057620         54.07539051          0.54321580          0.16461021          0.08511436         -0.59028476         52.98656581          1.31636772          0.09889157         -0.13244058         -1.30229930         60.19642666
     46.0000         78.31874251         12.42185250         -0.18840850         -1.00439338         13.02724218         69.93307373          0.73539598          0.02841208         -0.06546902         -0.72163321         67.88485865          0.48469416         -1.00802222         -0.11341156         -0.35972298         75.95570072
     48.0000        109.69980181         19.03906180         -0.13655840         -1.00879850         18.98249915        103.31832062          0.26692401         -0.16228501          0.03027707         -0.27138508        101.03130747          0.22978777         -1.01328180         -0.09609985         -0.03733436        106.95947277
     50.0000         93.62759656         12.41405129          0.00599188         -0.47083010         13.08535123         84.65753730          0.49350334         -0.07237478         -0.03793801         -0.49730667         82.34709875          1.58663086         -0.47036553         -0.11923445         -1.16924654         90.92903452
     52.0000         77.84213041         12.69721497         -0.14743405         -0.70794631         13.15996633         68.64242412         -0.30359588         -0.23077676         -0.01574231          0.33506548         66.71419904          0.34799345         -0.62878495         -0.10349545         -0.78133926         75.44337140
     54.0000         95.47136488          9.75689544         -0.10745269         -0.30948167          9.42136060         85.96726499         -0.39982296          0.07710365         -0.01584575          0.36072596         84.50900560          0.82910741         -0.27325636         -0.09349210         -0.67505244         93.36977615
     56.0000        111.86843821         18.14591594         -0.13084385         -1.20642725         17.77085021        102.13818330          0.16084138         -0.38898851          0.09440464         -0.21953690         98.78683323        -11.44683477         -1.20661903          0.22380810         12.01779946        107.76752614
     58.0000        206.93932153        -19.96181034          0.11537870         -0.82547927        -20.47245019        197.00280239          0.49638785          0.14639651          0.10775872         -0.57154174        188.27642815         42.27726646         -0.79124893         -0.06563946        -42.00488930        197.50032430
     60.0000        183.23308396         -6.77818801         -0.11574209         -1.31364077         -6.69659957        172.17471085          0.68305257         -0.48627735          0.32904445         -0.78813673        159.47454052        -56.22892919         -1.28014848          0.00032091         55.96513689        169.96029330
     62.0000        123.32403477          6.75152115          0.32218454         -1.05154850          6.19815864        114.36220247          0.33392452          0.01948975         -0.01633418         -0.31273489        106.30807063         37.34193904         -1.05448394          0.12494497        -36.58942118        114.87734880
     64.0000         95.47411718        -13.42221235          0.10566630         -0.16018797        -13.82056516         86.96375920          0.27732304         -0.02262005          0.21949956         -0.26752914         84.13309825        -11.28728573         -0.11452009         -0.13439838         11.04930499         92.38499385
     66.0000         37.18957587          3.09461361          0.05057311          0.05034785          2.98950758         28.10797945         -0.55999133          0.07410166         -0.01697829          0.54818650         27.67723380         -2.24573313          0.05826359         -0.10569368          2.67340491         36.54243578
     68.0000         14.83422354          0.35804969          0.06663326         -0.35759440         -0.26906929          7.85130997         -0.24428990         -0.00702643          0.01721153          0.24690382          7.21484898          1.54243336         -0.36237913          0.05936370         -1.51857924         13.96461053
     70.0000         10.58604357          0.76856467          0.02948722         -0.20056758          0.32696662          5.36738385         -0.09533361          0.00298584          0.04003927          0.09927268          5.24462371         -0.10535655         -0.18400591         -0.03096208          0.07284400         10.27500640
     72.0000          8.51373413          0.88816465         -0.03134795         -0.09782642          0.59461514          3.70002620         -0.05973898         -0.05633150          0.00134279          0.07845928          3.36392226         -0.11370529         -0.10322062         -0.04814633          0.27515858          7.99008629
     74.0000         12.21283411         -0.33046150          0.05097996         -0.18895926         -0.74030764          7.90469333         -0.32035399         -0.00810035         -0.05919643          0.32184764          7.87317856          0.72075659         -0.19209386         -0.01458005         -0.63318412         11.99494297
     76.0000          7.98549483          0.25915700         -0.08586672          0.34408955          0.01751493          3.96768568         -0.36962699          0.00981529         -0.02752763          0.37877471          3.95838486         -0.01592593          0.33136120          0.04213385          0.05956832          7.80926404
     78.0000          7.40083219          0.20807966         -0.07733126         -0.02520692          0.10197972          4.28854499          0.04825192         -0.06249905          0.01311779         -0.05690989          4.08159660          0.19392262         -0.02544747          0.01704860         -0.10572823          7.01524973
     80.0000          7.11595843         -0.29701416         -0.13285640          0.06273438         -0.26091964          4.04280265         -0.32603916          0.02189221         -0.06190115          0.31990090          3.96187059         -0.31070569          0.06037332          0.00584542          0.27370881          6.86996815
     82.0000          6.89659052          0.02710252         -0.03032847          0.01260338         -0.06522344          3.74058502         -0.03180480          0.00334496          0.02172820          0.03668100          3.59745758         -0.18194071          0.01319335         -0.03079776          0.12940899          6.59252923
     84.0000          7.03141234          0.51366088         -0.03836430         -0.29436502          0.59967137          3.49267082         -0.30780545         -0.03844773          0.04624534          0.29829637          3.37362963         -0.01044871         -0.29258373          0.02607220         -0.12898398          6.74496941
     86.0000          6.30729904         -0.11953307         -0.01071849         -0.12721156         -0.11196062          3.81573212         -0.30198781         -0.03166589          0.02962475          0.30411920          3.75757610         -0.01011385         -0.13866712         -0.03246165          0.04528092          6.03515006
     88.0000          6.93318397          0.15045589          0.03173219         -0.21398606          0.27837740          3.92149220         -0.39128961         -0.04969059         -0.03596175          0.39763146          3.74212301          0.20989488         -0.21673687         -0.01876679         -0.30317162          6.54964458
     90.0000          7.73338987         -0.12612617         -0.10603384         -0.09744685          0.28796824          4.22940936         -0.16579631         -0.01046882          0.02428341          0.14210521          4.22861775         -0.32752513         -0.08839411         -0.07004769          0.16086181          7.45929031
     92.0000          8.90313821         -0.20749447          0.02040678          0.07427339          0.13842720          6.02364039         -0.08774554         -0.08789165          0.11267655          0.08444420          5.89481134         -0.23270035          0.08388867         -0.08060654          0.26851936          8.44117432
     94.0000          9.70508857         -0.51228822         -0.06043240          0.10303167         -0.21746395          6.57886888         -0.13702823         -0.11757000         -0.07584094          0.12779509          6.42341574          0.30786708          0.11208448         -0.00470530         -0.26984604          9.24148200
     96.0000         11.61833959         -1.11320838         -0.06567607          0.14208867         -0.24724996          7.17797143         -0.01618087         -0.03482582         -0.13161702          0.00674548          6.80342078         -0.07223835          0.15574571         -0.14001826          0.05626549         10.81899723
     98.0000         11.62053954         -0.60471706          0.01564726         -0.00748600         -0.12244351          8.03767814         -0.04205810          0.00508924         -0.07143264          0.06296722          7.63728393          0.41550893          0.02430378         -0.06770005         -0.57895001         10.84226364
    100.0000         11.55855405         -0.39986294          0.00889536          0.06275919         -0.01292274          7.60685737          0.20909374         -0.01613610         -0.08264524         -0.21825220          7.34685390         -0.25826612          0.05540583         -0.03256028          0.07235140         10.92956020
    102.0000         11.26345229         -1.04080869         -0.10336267          0.08760783         -0.63120094          6.68718613          0.06031246          0.02302191         -0.07150235         -0.05871596          6.36313087         -0.08830159          0.09285940         -0.02012654          0.10497417         10.51535616
    104.0000         10.85384863         -0.21395750         -0.08047019         -0.05065938         -0.21394240          5.68664420          0.12104184          0.05967966          0.00110492         -0.12855166          5.11633069         -1.01967817         -0.04917258          0.03236765          0.98395597          9.95142953
    106.0000          9.38835668         -0.69856680         -0.00706162          0.17368839         -0.71933322          3.77907879          0.04619017         -0.04308195          0.01936611         -0.02863785          3.34355754          0.26732201          0.17010060          0.00263618         -0.35934053          8.63762602
    108.0000          8.20509501         -0.26252006          0.02009108          0.06480419         -0.39030902          4.19641065          0.05864548          0.01794763         -0.07191220         -0.06480090          3.73397023         -0.42193328          0.06607481          0.02450540          0.67765010          7.41339071
    110.0000         10.47246220         -2.25837166         -0.04300019         -0.00192294         -2.10044031          5.66495223         -0.21571727          0.09083946         -0.03068556          0.22015672          4.57240835          1.60989175         -0.00443611         -0.00687844         -1.25967344          9.08512982
    112.0000          5.01578173         -0.29399572          0.01700117          0.11973205         -0.17428512          2.12645075         -0.07276296          0.03295026         -0.00653395          0.05410830          1.57589397          0.42658025          0.13054245          0.04380067         -0.41028661          4.27428962
    114.0000          8.50531503         -3.50678334         -0.02758948          0.10041520         -3.22980338          5.43580804         -0.11859404         -0.04815831         -0.10462365          0.14696303          3.28242408         -0.22509227          0.10148165          0.00042466          0.16666004          6.10188925
    116.0000         15.87774778         -2.39953005          0.02792089         -0.24214206         -2.13904061         12.18072545         -0.03598496          0.02123491         -0.09711643          0.04319699         10.80631839         -0.01603315         -0.24046176          0.07036306          0.00812026         14.26143110
    118.0000         33.45922811         14.98501789          0.15089551         -0.23029829         15.21965081         28.44736026         -0.80960970         -0.07218761         -0.17454398          0.76668895         18.08067021          1.25026619         -0.21582511          0.00058062         -1.04383498         22.86966114
    120.0000         73.67934849        -55.19188560          0.27183539          0.10198306        -54.88948890         67.77866950         -0.00885662          0.15904403         -0.39495254          0.12932166         26.64254595        -18.86814005          0.09395791          0.00505397         18.62645687         32.24892308
    122.0000         33.74794840          3.21830583          0.23104348          0.03015897          3.33979473         28.36154506         -0.39133640         -0.00864119         -0.27881243          0.38514792         15.99855888         16.53457152          0.04656063         -0.17440788        -16.40161223         21.02073205
    124.0000         23.92514511         -4.05290390          0.05336506          0.12915892         -4.12025637         19.27549027          0.06699934          0.06687404          0.03477217         -0.06035325         17.34446974          2.37269847          0.12651734          0.06081812         -2.35532417         21.60335374
    126.0000         11.63261982         -1.01158759         -0.09705884         -0.21077669         -0.98442531          6.92741142          0.06346605         -0.01377208          0.13385807         -0.06568023          4.61105342         -3.29905862         -0.21002612         -0.04918023          3.41385198          8.83388603
    128.0000          7.34492352         -0.67481013         -0.04565848          0.17922749         -0.89517797          2.72870887          0.08593475          0.00207200         -0.02400916         -0.07784039          1.85584181         -0.04387239          0.17269677         -0.05534742          0.06393956          5.95355149
    130.0000          7.81638091          0.00402670         -0.19030658         -0.17708291          0.11093905          2.75195014          0.26307082         -0.04255567          0.07754761         -0.28917201          1.54285246         -0.70075992         -0.21550205          0.01645089          0.78293122          6.03249797
    132.0000          8.13760764          0.60798792         -0.17410542          0.13140539          0.81694999          4.24016445         -0.26511771          0.00586565         -0.12961845          0.24404715          3.52461930          0.20745449          0.11112026         -0.13355948          0.13612448          6.78811246
    134.0000          9.58522651         -0.90531535         -0.10485009         -0.27839536         -0.73338795          5.22079133         -0.00659583          0.06056330          0.02636871          0.00214218          4.30625103         -0.78024225         -0.26731565         -0.06704995          0.80722411          8.02090756
    136.0000          9.20400582         -0.36929663         -0.15059231         -0.10246105         -0.12575980          5.41130106         -0.39952271          0.12245144         -0.05576451          0.38872470          4.42696173         -1.02837730         -0.11147734          0.08752628          1.16951330          7.62727078
    138.0000          9.18030070         -1.57200632          0.01154974         -0.00681671         -1.68078844          5.97347982          0.35316797         -0.02127025         -0.08268410         -0.40016967          4.80171270          0.27015945          0.01051827         -0.04339530         -0.21741790          7.34943461
    140.0000          7.08393748         -1.00322851          0.05188977         -0.01429133         -0.84976000          3.65182944         -0.38424190         -0.08864414         -0.08003825          0.38295356          2.23499398         -0.10901208          0.00900332         -0.06302799          0.03418538          5.28744525
    142.0000          7.28918107         -0.47810569          0.16984523          0.01920883         -0.50624296          3.30586485          0.14297174          0.00879360         -0.05802652         -0.12296729          2.06063751          1.07791001          0.02181349          0.01704502         -1.17783413          5.57414674
    144.0000          6.10658975         -0.51208935          0.04337099         -0.04355003         -0.46693387          2.70810026          0.19835229          0.01683701         -0.03209127         -0.15047100          0.77575271          1.09689510         -0.00961864         -0.07102938         -1.06052616          3.73597066
    146.0000          6.37728073         -0.21495966         -0.03679126          0.39767561         -0.75387252          1.45419638          0.10841811         -0.05888251         -0.07671812         -0.00971227         -0.63371108          1.73333899          0.42150651          0.06407219         -1.62043933          3.74096506
    148.0000          5.30948070         -1.21977675          0.06493204         -0.22939125         -1.26052688          2.12935149          0.19254385         -0.06885041         -0.18577344         -0.13023450         -0.38105227          1.15662804         -0.20116224         -0.19470476         -0.94456162          2.33223221
    150.0000          5.75078432         -1.06197347          0.07600528         -0.21473386         -1.29261822          2.67718011         -0.00539274          0.07077051         -0.13764047          0.04766012         -0.46918003          1.38758948         -0.24529519          0.21622402         -1.36464169          1.99338163
    152.0000          6.63824807         -1.57592028         -0.00846091         -0.11451110         -1.71818583          2.39178994          0.06690186          0.03088381          0.07229600          0.03168144         -0.43744281          0.04681747         -0.10904229          0.05609635         -0.00786671          2.99788594
    154.0000          7.76022008         -1.89272433          0.00963855         -0.00062187         -2.61822543          3.71844091          0.04747384          0.03790981         -0.03456626          0.03764692          0.68797269         -0.32142163          0.02230770         -0.11831456         -0.05776513          3.77523599
    156.0000          5.98059827         -0.63714520          0.25338341         -0.04607201         -0.72385782          1.44826310         -0.09096294         -0.06666611         -0.08263349          0.12568033         -0.69366678         -0.94257065         -0.05497840         -0.21288421          0.41107567          3.04525619
    158.0000          8.31407211         -1.21848760         -0.03285877         -0.23708083         -1.96051762          1.32355756         -0.34894053          0.18866165          0.14879920          0.34155143         -1.41628035         -1.83538369         -0.17632319          0.24211889          0.77961826          4.85763137
    160.0000          9.12826338         -0.82114616         -0.04861538          0.25602519         -0.97729491          2.28473078          0.77517726          0.22372733          0.03176153         -0.85352832          0.51197762          1.04320844          0.38456930          0.15581933         -0.86560531          6.96227493
    162.0000         10.70148396         -1.11775911          0.14472350         -0.04313417         -1.76065306          2.66517670          0.14030776         -0.23639772         -0.22043720         -0.14064165          0.77579132         -0.96260630         -0.05537617          0.03391692          0.66863745          8.27233469
    164.0000         11.23738291         -0.14489374          0.04547927         -0.14926805         -0.99904034          2.02641388         -0.36345130         -0.26451114         -0.27321840          0.32888258          0.96141024         -0.12261866         -0.17393783         -0.21743191          0.10388764          9.47350727
    166.0000         17.50427944          0.68953120          0.11822280          0.43340885          0.41918558          7.53246011         -0.29893079         -0.14856618         -0.17004877          0.32542922          3.75782291          0.89960708          0.39013547         -0.06315580         -1.87221791         13.27735257
    168.0000         26.81047384          0.80293903         -0.04886737         -0.15404264         -0.08341632         11.66631955         -1.37818318         -0.13459952          0.14015411          1.33571178          9.77850059          2.59573613         -0.20143755         -0.07385268         -2.32512222         24.25390735
    170.0000         50.20029130          2.67474482          0.15348733         -0.40962737          1.68099899         17.40170900         -3.17145087          0.58411407          0.11127038          3.18948519         10.50334663          1.48309571         -0.42239562          0.57991169         -0.21244050         41.95325456
    172.0000         82.05566786         -0.51192191          0.85332846          0.18350299         -3.48915846         34.26642198         -1.96655344         -0.40665516         -1.03963079          1.97137592         17.34975003         -4.89674008          0.15387473         -0.93797616          6.32126254         63.52684142
    174.0000        124.98764930        -18.37102415         -0.53481407          0.62428594        -18.12116944         20.78581943         -0.50903243         -0.09860939         -0.29814562          0.24353551          3.81568398         -8.23186036          0.82876387         -0.14302043         11.46970691        101.88059515
    176.0000        170.61070183         28.86895720          2.28430748          2.06079264         36.37753837         78.94641664          0.70397141         -0.49098845         -3.41153630         -0.63224231        -44.22936064        -36.70002964          1.99118780         -0.88842220         37.40023498         40.25108026
    178.0000        371.58356476        -26.33288616         -1.32769312         -2.55266160         -9.67169270        300.36595536         -2.20705491         -2.89825927          0.39499278         -0.11767380       -287.47861345       -106.77970034         -0.88510302         -3.43739334        111.36533723       -236.34736307
    178.2000        387.68060838        -28.24828903         -1.78210930         -3.41367506        -13.65080766        317.96065788         -2.18383086         -2.76796820          0.98814983         -0.57252904       -308.51780854       -100.25086509         -1.28246180         -3.38480592        104.13882123       -257.91714832
    178.4000        402.11242977        -27.88091664         -2.02820359         -4.27724047        -15.60986997        333.33975545         -2.18688910         -2.53421719          1.37805229         -1.02956924       -326.83809145        -90.29160203         -1.63636736         -3.18428787         93.41738233       -275.49180579
    178.6000        414.84353979        -25.49902225         -2.04983531         -5.11091243        -15.67033300        346.44071135         -2.22786764         -2.20619459          1.54163329         -1.46384760       -342.28524787        -77.53898971         -1.93207317         -2.84478756         79.90350942       -289.00002805
    178.8000        425.86677176        -21.55053096         -1.87549963         -5.89215078        -14.13391963        357.28849833         -2.31192392         -1.80694921          1.50047205         -1.85365212       -354.87911805        -62.91874894         -2.16763683         -2.38731414         64.57880333       -298.67034910
    179.0000        435.19079344        -16.66417070         -1.54767090         -6.59844188        -11.49014904        365.99994605         -2.43093497         -1.37208675          1.29372861         -2.19047929       -364.76972855        -47.56091590         -2.34648173         -1.85774401         48.61549494       -304.99027359
    179.1000        439.21724986        -14.07535789         -1.34120335         -6.91435797         -9.92099368        369.60551628         -2.49971975         -1.15256219          1.14169041         -2.33511628       -368.77779351        -39.98644279         -2.41482942         -1.58185009         40.78432760       -307.09981339
    179.2000        442.81926347        -11.49988873         -1.12817707         -7.20592809         -8.27784943        372.73897733         -2.57095733         -0.93956425          0.97729772         -2.46406279       -372.21538069        -32.69080943         -2.47191892         -1.30803916         33.26487592       -308.63685962
    179.3000        445.99805999         -9.03840256         -0.90432108         -7.46053474         -6.65109872        375.43395270         -2.63960310         -0.74688107          0.79722163         -2.58020612       -375.11489096        -25.80700576         -2.51019596         -1.05400504         26.19173358       -309.69874291
    179.4000        448.73496873         -6.74460284         -0.69059585         -7.69864992         -5.08167875        377.68200373         -2.70946365         -0.54895250          0.62020887         -2.67569272       -377.51542805        -19.50540008         -2.55438864         -0.79369558         19.73685304       -310.36626028
    179.5000        451.08436448         -4.68300223         -0.49698373         -7.88813142         -3.62603113        379.57064064         -2.77315129         -0.38907967          0.45595703         -2.75971655       -379.49535678        -13.91941532         -2.57789404         -0.57502502         14.02957496       -310.77969710
    179.6000        452.99692331         -2.94231938         -0.32183453         -8.05150182         -2.36544241        381.07322240         -2.83132242         -0.24938463          0.30479836         -2.82428375       -381.03820823         -9.14545674         -2.59939991         -0.38184442          9.16883041       -310.97150202
    179.7000        454.47966010         -1.55343503         -0.17966893         -8.17283000         -1.32475826        382.21295758         -2.88350706         -0.14195808          0.17862243         -2.87064513       -382.19431701         -5.29471590         -2.60920748         -0.22493802          5.26335348       -311.03019767
    179.8000        455.53039184         -0.58282138         -0.07406755         -8.24724552         -0.56747907        383.00381116         -2.91000822         -0.06766466          0.07835757         -2.91448789       -383.00952028         -2.39977968         -2.60001786         -0.11271987          2.34446911       -311.03585244
    179.9000        456.24464397          0.03518748         -0.01835850         -8.32960598         -0.02403130        383.55617514         -2.98830491         -0.04710353          0.03142249         -2.88511000       -383.44031751         -0.78665561         -2.64350979         -0.05876872          0.73772759       -310.97287499
    180.0000        460.41508787         -1.95358577          1.52780021         -9.39745039         -0.77086945        382.84082234         -6.28908684         -2.16282963         -2.38413237          0.90688637       -384.75537305          2.03619747         -3.07923809         -2.04744712         -1.96892666       -307.43956839
